1	8045014	8045015	PARK7
1	8045015	8045016	PARK7
1	8045016	8045017	PARK7
1	9787029	9787030	PIK3CD
1	17349218	17349219	SDHB
1	17355093	17355094	SDHB
1	17371312	17371313	SDHB
1	20972132	20972133	PINK1
1	20975709	20975710	PINK1
1	21890631	21890632	ALPL
1	21900273	21900274	ALPL
1	21902360	21902361	ALPL
1	21904124	21904125	ALPL
1	40555166	40555167	PPT1
1	40557069	40557070	PPT1
1	40558080	40558081	PPT1
1	45797185	45797186	MUTYH
1	45797200	45797201	MUTYH
1	45797227	45797228	MUTYH
1	45797373	45797374	MUTYH
1	45797886	45797887	MUTYH
1	45798111	45798112	MUTYH
1	45798474	45798475	MUTYH
1	45974477	45974478	MMACHC
1	46656144	46656145	POMGNT1
1	46657768	46657769	POMGNT1
1	46657978	46657979	POMGNT1
1	46658068	46658069	POMGNT1
1	46659544	46659545	POMGNT1
1	46662689	46662690	POMGNT1
1	63868018	63868019	ALG6
1	76226845	76226846	ACADM
1	94473806	94473807	ABCA4
1	94476950	94476951	ABCA4
1	94483978	94483979	ABCA4
1	94484000	94484001	ABCA4
1	94484001	94484002	ABCA4
1	94484081	94484082	ABCA4
1	94492972	94492973	ABCA4
1	94493271	94493272	ABCA4
1	100346952	100346953	AGL
1	152285076	152285077	FLG
1	152285077	152285078	FLG
1	152285078	152285079	FLG
1	152285079	152285080	FLG
1	154574540	154574541	ADAR
1	155205042	155205043	GBA
1	156100523	156100524	LMNA
1	156100531	156100532	LMNA
1	156104247	156104248	LMNA
1	156105746	156105747	LMNA
1	156105884	156105885	LMNA
1	156107027	156107028	LMNA
1	156107457	156107458	LMNA
1	183184601	183184602	LAMC2
1	201328757	201328758	TNNT2
1	201331098	201331099	TNNT2
1	201331099	201331100	TNNT2
1	201331100	201331101	TNNT2
1	209788633	209788634	LAMB3
1	209797343	209797344	LAMB3
1	209799065	209799066	LAMB3
1	209799144	209799145	LAMB3
1	209801476	209801477	LAMB3
1	209801477	209801478	LAMB3
1	209801478	209801479	LAMB3
1	209801479	209801480	LAMB3
1	209801480	209801481	LAMB3
1	209801481	209801482	LAMB3
1	209801482	209801483	LAMB3
1	209801483	209801484	LAMB3
1	209801484	209801485	LAMB3
1	209801485	209801486	LAMB3
1	209801486	209801487	LAMB3
1	209803150	209803151	LAMB3
1	209806022	209806023	LAMB3
1	209807843	209807844	LAMB3
1	209807844	209807845	LAMB3
1	209811895	209811896	LAMB3
1	209823367	209823368	LAMB3
1	215956139	215956140	USH2A
1	215967782	215967783	USH2A
1	216064539	216064540	USH2A
1	216247484	216247485	USH2A
1	216420436	216420437	USH2A
1	227170419	227170420	ADCK3
1	231406725	231406726	GNPAT
1	241665768	241665769	FH
1	241680591	241680592	FH
2	21229159	21229160	APOB
2	25384047	25384048	POMC
2	29295581	29295582	C2orf71
2	47630471	47630472	MSH2
2	47637433	47637434	MSH2
2	47637434	47637435	MSH2
2	47637435	47637436	MSH2
2	47639550	47639551	MSH2
2	47639665	47639666	MSH2
2	47641482	47641483	MSH2
2	47641554	47641555	MSH2
2	47641559	47641560	MSH2
2	47643533	47643534	MSH2
2	47656918	47656919	MSH2
2	47657019	47657020	MSH2
2	47657058	47657059	MSH2
2	47672694	47672695	MSH2
2	47693837	47693838	MSH2
2	47698145	47698146	MSH2
2	47698146	47698147	MSH2
2	47698203	47698204	MSH2
2	47702189	47702190	MSH2
2	47702190	47702191	MSH2
2	47702191	47702192	MSH2
2	47702238	47702239	MSH2
2	47702264	47702265	MSH2
2	47705546	47705547	MSH2
2	47705658	47705659	MSH2
2	47708008	47708009	MSH2
2	47708009	47708010	MSH2
2	48025771	48025772	MSH6
2	48026256	48026257	MSH6
2	48026257	48026258	MSH6
2	48026258	48026259	MSH6
2	48026259	48026260	MSH6
2	48026260	48026261	MSH6
2	48026311	48026312	MSH6
2	48026312	48026313	MSH6
2	48026604	48026605	MSH6
2	48027022	48027023	MSH6
2	48027023	48027024	MSH6
2	48027852	48027853	MSH6
2	48028052	48028053	MSH6
2	48028103	48028104	MSH6
2	48028134	48028135	MSH6
2	48030587	48030588	MSH6
2	48032166	48032167	MSH6
2	48032772	48032773	MSH6
2	48033626	48033627	MSH6
2	109368448	109368449	RANBP2
2	166223881	166223882	SCN2A
2	166872114	166872115	SCN1A
2	166872115	166872116	SCN1A
2	166872116	166872117	SCN1A
2	169828549	169828550	ABCB11
2	169847328	169847329	ABCB11
2	179423145	179423146	TTN
2	179424218	179424219	TTN
2	179433406	179433407	TTN
2	179456703	179456704	TTN
2	200193431	200193432	SATB2
2	203242243	203242244	BMPR2
2	203417495	203417496	BMPR2
2	203421082	203421083	BMPR2
2	219525941	219525942	BCS1L
2	219747089	219747090	WNT10A
2	219755010	219755011	WNT10A
2	220283221	220283222	DES
2	220285070	220285071	DES
2	220355476	220355477	SPEG
2	220355477	220355478	SPEG
2	220355478	220355479	SPEG
2	228560696	228560697	SLC19A3
2	230656683	230656684	TRIP12
3	4747876	4747877	ITPR1
3	10106547	10106548	FANCD2
3	10108950	10108951	FANCD2
3	10183724	10183725	VHL
3	10188214	10188215	VHL
3	10188322	10188323	VHL
3	10191503	10191504	VHL
3	10191506	10191507	VHL
3	10191515	10191516	VHL
3	10191604	10191605	VHL
3	14183164	14183165	TMEM43
3	14199738	14199739	XPC
3	14199739	14199740	XPC
3	15686730	15686731	BTD
3	15686957	15686958	BTD
3	33059965	33059966	GLB1
3	33099711	33099712	GLB1
3	33114104	33114105	GLB1
3	33161898	33161899	CRTAP
3	37035149	37035150	MLH1
3	37038191	37038192	MLH1
3	37042450	37042451	MLH1
3	37042451	37042452	MLH1
3	37042452	37042453	MLH1
3	37042493	37042494	MLH1
3	37042535	37042536	MLH1
3	37050291	37050292	MLH1
3	37050398	37050399	MLH1
3	37053561	37053562	MLH1
3	37053588	37053589	MLH1
3	37053590	37053591	MLH1
3	37059088	37059089	MLH1
3	37061816	37061817	MLH1
3	37070323	37070324	MLH1
3	37089122	37089123	MLH1
3	37089123	37089124	MLH1
3	37089124	37089125	MLH1
3	37089173	37089174	MLH1
3	37090022	37090023	MLH1
3	37090085	37090086	MLH1
3	37090505	37090506	MLH1
3	38592474	38592475	SCN5A
3	38601669	38601670	SCN5A
3	38603912	38603913	SCN5A
3	38627386	38627387	SCN5A
3	38627387	38627388	SCN5A
3	38646346	38646347	SCN5A
3	48603713	48603714	COL7A1
3	48603735	48603736	COL7A1
3	48604170	48604171	COL7A1
3	48604409	48604410	COL7A1
3	48604604	48604605	COL7A1
3	48605168	48605169	COL7A1
3	48606872	48606873	COL7A1
3	48608105	48608106	COL7A1
3	48610144	48610145	COL7A1
3	48612824	48612825	COL7A1
3	48612851	48612852	COL7A1
3	48613681	48613682	COL7A1
3	48613729	48613730	COL7A1
3	48613970	48613971	COL7A1
3	48615769	48615770	COL7A1
3	48615786	48615787	COL7A1
3	48618916	48618917	COL7A1
3	48620050	48620051	COL7A1
3	48620051	48620052	COL7A1
3	48620052	48620053	COL7A1
3	48620053	48620054	COL7A1
3	48620054	48620055	COL7A1
3	48622174	48622175	COL7A1
3	48625725	48625726	COL7A1
3	48627711	48627712	COL7A1
3	48628153	48628154	COL7A1
3	48628895	48628896	COL7A1
3	48628959	48628960	COL7A1
3	48630810	48630811	COL7A1
3	48630970	48630971	COL7A1
3	52437630	52437631	BAP1
3	52441474	52441475	BAP1
3	52441475	52441476	BAP1
3	71027029	71027030	FOXP1
3	81698004	81698005	GBE1
3	87311352	87311353	POU1F1
3	100962458	100962459	IMPG2
3	123071309	123071310	ADCY5
3	123071310	123071311	ADCY5
3	130682840	130682841	ATP2C1
3	150661679	150661680	CLRN1
3	181430750	181430751	SOX2
3	183858376	183858377	EIF2B5
3	189507619	189507620	TP63
4	981629	981630	IDUA
4	981645	981646	IDUA
4	996062	996063	IDUA
4	996534	996535	IDUA
4	1803570	1803571	FGFR3
4	56831854	56831855	CEP135
4	56885620	56885621	CEP135
4	56885621	56885622	CEP135
4	56885622	56885623	CEP135
4	56885623	56885624	CEP135
4	80905984	80905985	ANTXR2
4	128843110	128843111	MFSD8
4	155507579	155507580	FGA
4	178359917	178359918	AGA
4	178359923	178359924	AGA
5	223594	223595	SDHA
5	251214	251215	SDHA
5	1210588	1210589	SLC6A19
5	1210589	1210590	SLC6A19
5	1210590	1210591	SLC6A19
5	1210591	1210592	SLC6A19
5	1217061	1217062	SLC6A19
5	52402938	52402939	MOCS2
5	78135249	78135250	ARSB
5	78135256	78135257	ARSB
5	78260299	78260300	ARSB
5	112103011	112103012	APC
5	112111373	112111374	APC
5	118788315	118788316	HSD17B4
5	118844870	118844871	HSD17B4
5	125887750	125887751	ALDH7A1
6	7565753	7565754	DSP
6	7566714	7566715	DSP
6	7568012	7568013	DSP
6	7571618	7571619	DSP
6	7574486	7574487	DSP
6	7581423	7581424	DSP
6	18122451	18122452	NHLRC1
6	18122476	18122477	NHLRC1
6	33409475	33409476	SYNGAP1
6	33411227	33411228	SYNGAP1
6	41129294	41129295	TREM2
6	42935187	42935188	PEX6
6	42942631	42942632	PEX6
6	42975008	42975009	PPP2R5D
6	51524511	51524512	PKHD1
6	51612724	51612725	PKHD1
6	51824679	51824680	PKHD1
6	51913355	51913356	PKHD1
6	51923146	51923147	PKHD1
6	51944734	51944735	PKHD1
6	51947998	51947999	PKHD1
6	56481705	56481706	DST
6	56481966	56481967	DST
6	56483853	56483854	DST
6	65301403	65301404	EYS
6	65301404	65301405	EYS
6	65301405	65301406	EYS
6	65301406	65301407	EYS
6	65301407	65301408	EYS
6	65301408	65301409	EYS
6	65301409	65301410	EYS
6	66044965	66044966	EYS
6	74354305	74354306	SLC17A5
6	91228270	91228271	MAP3K7
6	118880119	118880120	PLN
6	118880120	118880121	PLN
6	118880121	118880122	PLN
6	118880123	118880124	PLN
6	118880124	118880125	PLN
6	118880125	118880126	PLN
6	129486816	129486817	LAMA2
6	135754256	135754257	AHI1
6	137146350	137146351	PEX7
6	137191042	137191043	PEX7
6	137191046	137191047	PEX7
6	137219350	137219351	PEX7
6	137219379	137219380	PEX7
6	157454173	157454174	ARID1B
6	157528050	157528051	ARID1B
6	158541511	158541512	SERAC1
6	158541512	158541513	SERAC1
7	2580938	2580939	BRAT1
7	2580939	2580940	BRAT1
7	2583389	2583390	BRAT1
7	6017217	6017218	PMS2
7	6022453	6022454	PMS2
7	6026513	6026514	PMS2
7	6026563	6026564	PMS2
7	6027210	6027211	PMS2
7	6035210	6035211	PMS2
7	6035211	6035212	PMS2
7	6035244	6035245	PMS2
7	6037017	6037018	PMS2
7	6037019	6037020	PMS2
7	6037020	6037021	PMS2
7	6037021	6037022	PMS2
7	6037022	6037023	PMS2
7	6037023	6037024	PMS2
7	6038746	6038747	PMS2
7	6043424	6043425	PMS2
7	33423363	33423364	BBS9
7	33423364	33423365	BBS9
7	33423365	33423366	BBS9
7	33423366	33423367	BBS9
7	35289797	35289798	TBX20
7	65439512	65439513	GUSB
7	65439534	65439535	GUSB
7	65439687	65439688	GUSB
7	65444768	65444769	GUSB
7	65546811	65546812	ASL
7	65548161	65548162	ASL
7	66459196	66459197	SBDS
7	91830642	91830643	KRIT1
7	91830643	91830644	KRIT1
7	91870372	91870373	KRIT1
7	92130875	92130876	PEX1
7	92132482	92132483	PEX1
7	107533707	107533708	DLD
7	107555950	107555951	DLD
7	116423382	116423383	MET
7	117149100	117149101	CFTR
7	117149122	117149123	CFTR
7	117149176	117149177	CFTR
7	117149184	117149185	CFTR
7	117149185	117149186	CFTR
7	117170991	117170992	CFTR
7	117171027	117171028	CFTR
7	117171028	117171029	CFTR
7	117171044	117171045	CFTR
7	117171168	117171169	CFTR
7	117174419	117174420	CFTR
7	117175338	117175339	CFTR
7	117175401	117175402	CFTR
7	117180231	117180232	CFTR
7	117180283	117180284	CFTR
7	117180323	117180324	CFTR
7	117188848	117188849	CFTR
7	117199590	117199591	CFTR
7	117199643	117199644	CFTR
7	117199644	117199645	CFTR
7	117199645	117199646	CFTR
7	117199646	117199647	CFTR
7	117199647	117199648	CFTR
7	117199669	117199670	CFTR
7	117199670	117199671	CFTR
7	117199682	117199683	CFTR
7	117227791	117227792	CFTR
7	117227831	117227832	CFTR
7	117227853	117227854	CFTR
7	117227854	117227855	CFTR
7	117227859	117227860	CFTR
7	117227864	117227865	CFTR
7	117227886	117227887	CFTR
7	117230493	117230494	CFTR
7	117230497	117230498	CFTR
7	117232073	117232074	CFTR
7	117232085	117232086	CFTR
7	117232232	117232233	CFTR
7	117232272	117232273	CFTR
7	117232435	117232436	CFTR
7	117235029	117235030	CFTR
7	117242921	117242922	CFTR
7	117243595	117243596	CFTR
7	117246807	117246808	CFTR
7	117251608	117251609	CFTR
7	117251648	117251649	CFTR
7	117251690	117251691	CFTR
7	117251770	117251771	CFTR
7	117251796	117251797	CFTR
7	117254752	117254753	CFTR
7	117267578	117267579	CFTR
7	117267590	117267591	CFTR
7	117267634	117267635	CFTR
7	117280014	117280015	CFTR
7	117282525	117282526	CFTR
7	117282545	117282546	CFTR
7	117282619	117282620	CFTR
7	117292930	117292931	CFTR
7	151273497	151273498	PRKAG2
8	1719289	1719290	CLN8
8	41792287	41792288	KAT6A
8	63978527	63978528	TTPA
8	65528775	65528776	CYP7B1
8	65528776	65528777	CYP7B1
8	65528777	65528778	CYP7B1
8	65528778	65528779	CYP7B1
8	87656008	87656009	CNGB3
8	94777844	94777845	TMEM67
8	100654479	100654480	VPS13B
8	100712112	100712113	VPS13B
8	100832258	100832259	VPS13B
8	133186541	133186542	KCNQ3
8	144997885	144997886	PLEC
9	13143463	13143464	MPDZ
9	21971114	21971115	CDKN2A
9	21971115	21971116	CDKN2A
9	21971116	21971117	CDKN2A
9	21971117	21971118	CDKN2A
9	21971118	21971119	CDKN2A
9	21971119	21971120	CDKN2A
9	21971120	21971121	CDKN2A
9	21971121	21971122	CDKN2A
9	21971122	21971123	CDKN2A
9	21971123	21971124	CDKN2A
9	21971124	21971125	CDKN2A
9	21971125	21971126	CDKN2A
9	21971126	21971127	CDKN2A
9	21971127	21971128	CDKN2A
9	21971128	21971129	CDKN2A
9	21971129	21971130	CDKN2A
9	21971130	21971131	CDKN2A
9	21971131	21971132	CDKN2A
9	21971132	21971133	CDKN2A
9	32984839	32984840	APTX
9	98268837	98268838	PTCH1
9	98268838	98268839	PTCH1
9	101984156	101984157	ALG2
9	108380247	108380248	FKTN
9	108382281	108382282	FKTN
9	111662095	111662096	IKBKAP
9	111662582	111662583	IKBKAP
9	130425632	130425633	STXBP1
9	132576343	132576344	TOR1A
9	132576344	132576345	TOR1A
9	132576345	132576346	TOR1A
9	133342109	133342110	ASS1
9	133364790	133364791	ASS1
9	133374931	133374932	ASS1
9	136221708	136221709	SURF1
9	136221709	136221710	SURF1
9	138671268	138671269	KCNT1
9	139410174	139410175	NOTCH1
10	292843	292844	ZMYND11
10	12160844	12160845	DHTKD1
10	28900769	28900770	WAC
10	50691429	50691430	ERCC6
10	69902775	69902776	MYPN
10	73550879	73550880	CDH23
10	74236930	74236931	MICU1
10	76732341	76732342	KAT6B
10	89720801	89720802	PTEN
10	89720851	89720852	PTEN
10	105799238	105799239	COL17A1
10	105803581	105803582	COL17A1
10	105815625	105815626	COL17A1
10	105816730	105816731	COL17A1
10	105819439	105819440	COL17A1
10	121431863	121431864	BAG3
10	121431864	121431865	BAG3
10	123276884	123276885	FGFR2
10	123276891	123276892	FGFR2
11	2189134	2189135	TH
11	6413205	6413206	SMPD1
11	6413284	6413285	SMPD1
11	6415433	6415434	SMPD1
11	6415769	6415770	SMPD1
11	6415770	6415771	SMPD1
11	6415771	6415772	SMPD1
11	6637926	6637927	TPP1
11	6638270	6638271	TPP1
11	6638384	6638385	TPP1
11	22242645	22242646	ANO5
11	22242652	22242653	ANO5
11	22242653	22242654	ANO5
11	22257751	22257752	ANO5
11	22284589	22284590	ANO5
11	45827852	45827853	SLC35C1
11	45827853	45827854	SLC35C1
11	45827854	45827855	SLC35C1
11	47353660	47353661	MYBPC3
11	47354388	47354389	MYBPC3
11	47354450	47354451	MYBPC3
11	47354451	47354452	MYBPC3
11	47354452	47354453	MYBPC3
11	47354786	47354787	MYBPC3
11	47354868	47354869	MYBPC3
11	47355102	47355103	MYBPC3
11	47355116	47355117	MYBPC3
11	47356592	47356593	MYBPC3
11	47356632	47356633	MYBPC3
11	47356633	47356634	MYBPC3
11	47356670	47356671	MYBPC3
11	47359005	47359006	MYBPC3
11	47359006	47359007	MYBPC3
11	47359007	47359008	MYBPC3
11	47359008	47359009	MYBPC3
11	47359009	47359010	MYBPC3
11	47359010	47359011	MYBPC3
11	47359011	47359012	MYBPC3
11	47359279	47359280	MYBPC3
11	47359281	47359282	MYBPC3
11	47360069	47360070	MYBPC3
11	47360231	47360232	MYBPC3
11	47362754	47362755	MYBPC3
11	47364268	47364269	MYBPC3
11	47364295	47364296	MYBPC3
11	47364570	47364571	MYBPC3
11	47367847	47367848	MYBPC3
11	47367915	47367916	MYBPC3
11	47367922	47367923	MYBPC3
11	47368984	47368985	MYBPC3
11	47368997	47368998	MYBPC3
11	47368998	47368999	MYBPC3
11	47369974	47369975	MYBPC3
11	47370060	47370061	MYBPC3
11	47371323	47371324	MYBPC3
11	47371588	47371589	MYBPC3
11	47371627	47371628	MYBPC3
11	47469630	47469631	RAPSN
11	65978676	65978677	PACS1
11	66468133	66468134	SPTBN2
11	67258281	67258282	AIP
11	71146506	71146507	DHCR7
11	71146620	71146621	DHCR7
11	71146638	71146639	DHCR7
11	71146793	71146794	DHCR7
11	71146794	71146795	DHCR7
11	71146872	71146873	DHCR7
11	71146885	71146886	DHCR7
11	71148914	71148915	DHCR7
11	71150030	71150031	DHCR7
11	71150031	71150032	DHCR7
11	71152392	71152393	DHCR7
11	71152446	71152447	DHCR7
11	71155081	71155082	DHCR7
11	71906792	71906793	FOLR1
11	108098532	108098533	ATM
11	108099934	108099935	ATM
11	108099935	108099936	ATM
11	108151894	108151895	ATM
11	108163499	108163500	ATM
11	108168011	108168012	ATM
11	108181031	108181032	ATM
11	108183150	108183151	ATM
11	108199928	108199929	ATM
11	108203491	108203492	ATM
11	108382021	108382022	EXPH5
11	108382316	108382317	EXPH5
11	111965629	111965630	SDHD
12	4479913	4479914	FGF23
12	4479914	4479915	FGF23
12	4481787	4481788	FGF23
12	5021403	5021404	KCNA1
12	9007380	9007381	A2ML1
12	9007381	9007382	A2ML1
12	21958185	21958186	ABCC9
12	21958186	21958187	ABCC9
12	21958187	21958188	ABCC9
12	32949041	32949042	PKP2
12	32949053	32949054	PKP2
12	32949145	32949146	PKP2
12	32955490	32955491	PKP2
12	32974424	32974425	PKP2
12	32975420	32975421	PKP2
12	32975523	32975524	PKP2
12	33003865	33003866	PKP2
12	33003867	33003868	PKP2
12	33030896	33030897	PKP2
12	33030897	33030898	PKP2
12	33031416	33031417	PKP2
12	33031954	33031955	PKP2
12	48372441	48372442	COL2A1
12	48375585	48375586	COL2A1
12	48389682	48389683	COL2A1
12	48393801	48393802	COL2A1
12	49431131	49431132	KMT2D
12	49431132	49431133	KMT2D
12	49431133	49431134	KMT2D
12	49431134	49431135	KMT2D
12	49431135	49431136	KMT2D
12	49431136	49431137	KMT2D
12	49431137	49431138	KMT2D
12	49433619	49433620	KMT2D
12	49578979	49578980	TUBA1A
12	52115541	52115542	SCN8A
12	52908849	52908850	KRT5
12	52912903	52912904	KRT5
12	52912920	52912921	KRT5
12	52912927	52912928	KRT5
12	52914006	52914007	KRT5
12	53071208	53071209	KRT1
12	65141538	65141539	GNS
12	65141539	65141540	GNS
12	65609804	65609805	LEMD3
12	76741492	76741493	BBS10
12	80752449	80752450	OTOGL
12	88477712	88477713	CEP290
12	88483026	88483027	CEP290
12	88487679	88487680	CEP290
12	95387949	95387950	NDUFA12
12	103234176	103234177	PAH
12	103234251	103234252	PAH
12	103234270	103234271	PAH
12	103234284	103234285	PAH
12	103246596	103246597	PAH
12	103248931	103248932	PAH
12	103249058	103249059	PAH
12	103249093	103249094	PAH
12	110029079	110029080	MVK
12	110034319	110034320	MVK
12	111348979	111348980	MYL2
12	111356936	111356937	MYL2
12	112891082	112891083	PTPN11
12	112926884	112926885	PTPN11
13	20763581	20763582	GJB2
13	20763611	20763612	GJB2
13	23894777	23894778	SGCG
13	23912010	23912011	SACS
13	23912011	23912012	SACS
13	23912012	23912013	SACS
13	23912013	23912014	SACS
13	23912014	23912015	SACS
13	23913254	23913255	SACS
13	23913255	23913256	SACS
13	23913256	23913257	SACS
13	23913257	23913258	SACS
13	23913258	23913259	SACS
13	31803396	31803397	B3GALTL
13	31803397	31803398	B3GALTL
13	31803398	31803399	B3GALTL
13	31803399	31803400	B3GALTL
13	32890632	32890633	BRCA2
13	32893245	32893246	BRCA2
13	32893260	32893261	BRCA2
13	32893265	32893266	BRCA2
13	32893266	32893267	BRCA2
13	32893267	32893268	BRCA2
13	32893268	32893269	BRCA2
13	32893290	32893291	BRCA2
13	32893316	32893317	BRCA2
13	32893363	32893364	BRCA2
13	32893407	32893408	BRCA2
13	32893408	32893409	BRCA2
13	32893418	32893419	BRCA2
13	32900273	32900274	BRCA2
13	32900274	32900275	BRCA2
13	32900286	32900287	BRCA2
13	32900419	32900420	BRCA2
13	32900420	32900421	BRCA2
13	32900692	32900693	BRCA2
13	32900693	32900694	BRCA2
13	32900699	32900700	BRCA2
13	32900702	32900703	BRCA2
13	32900717	32900718	BRCA2
13	32903581	32903582	BRCA2
13	32903582	32903583	BRCA2
13	32903583	32903584	BRCA2
13	32903605	32903606	BRCA2
13	32903606	32903607	BRCA2
13	32903609	32903610	BRCA2
13	32903610	32903611	BRCA2
13	32903621	32903622	BRCA2
13	32903632	32903633	BRCA2
13	32905127	32905128	BRCA2
13	32905128	32905129	BRCA2
13	32905144	32905145	BRCA2
13	32905145	32905146	BRCA2
13	32905146	32905147	BRCA2
13	32905147	32905148	BRCA2
13	32905148	32905149	BRCA2
13	32905167	32905168	BRCA2
13	32906540	32906541	BRCA2
13	32906566	32906567	BRCA2
13	32906593	32906594	BRCA2
13	32906717	32906718	BRCA2
13	32906761	32906762	BRCA2
13	32906767	32906768	BRCA2
13	32906816	32906817	BRCA2
13	32906840	32906841	BRCA2
13	32906910	32906911	BRCA2
13	32906911	32906912	BRCA2
13	32906924	32906925	BRCA2
13	32906925	32906926	BRCA2
13	32906926	32906927	BRCA2
13	32906927	32906928	BRCA2
13	32907003	32907004	BRCA2
13	32907004	32907005	BRCA2
13	32907121	32907122	BRCA2
13	32907122	32907123	BRCA2
13	32907250	32907251	BRCA2
13	32907284	32907285	BRCA2
13	32907303	32907304	BRCA2
13	32907319	32907320	BRCA2
13	32907377	32907378	BRCA2
13	32907378	32907379	BRCA2
13	32907379	32907380	BRCA2
13	32907380	32907381	BRCA2
13	32907513	32907514	BRCA2
13	32910400	32910401	BRCA2
13	32910717	32910718	BRCA2
13	32910770	32910771	BRCA2
13	32911113	32911114	BRCA2
13	32911139	32911140	BRCA2
13	32911142	32911143	BRCA2
13	32911299	32911300	BRCA2
13	32911300	32911301	BRCA2
13	32911301	32911302	BRCA2
13	32911302	32911303	BRCA2
13	32911321	32911322	BRCA2
13	32911396	32911397	BRCA2
13	32911447	32911448	BRCA2
13	32911507	32911508	BRCA2
13	32911666	32911667	BRCA2
13	32911760	32911761	BRCA2
13	32911774	32911775	BRCA2
13	32911944	32911945	BRCA2
13	32911956	32911957	BRCA2
13	32911957	32911958	BRCA2
13	32911978	32911979	BRCA2
13	32912036	32912037	BRCA2
13	32912037	32912038	BRCA2
13	32912084	32912085	BRCA2
13	32912089	32912090	BRCA2
13	32912090	32912091	BRCA2
13	32912263	32912264	BRCA2
13	32912265	32912266	BRCA2
13	32912266	32912267	BRCA2
13	32912337	32912338	BRCA2
13	32912338	32912339	BRCA2
13	32912339	32912340	BRCA2
13	32912355	32912356	BRCA2
13	32912356	32912357	BRCA2
13	32912357	32912358	BRCA2
13	32912358	32912359	BRCA2
13	32912359	32912360	BRCA2
13	32912413	32912414	BRCA2
13	32912645	32912646	BRCA2
13	32912662	32912663	BRCA2
13	32912679	32912680	BRCA2
13	32912702	32912703	BRCA2
13	32912805	32912806	BRCA2
13	32912844	32912845	BRCA2
13	32912845	32912846	BRCA2
13	32912846	32912847	BRCA2
13	32912847	32912848	BRCA2
13	32912848	32912849	BRCA2
13	32912849	32912850	BRCA2
13	32912850	32912851	BRCA2
13	32912940	32912941	BRCA2
13	32912969	32912970	BRCA2
13	32912970	32912971	BRCA2
13	32912971	32912972	BRCA2
13	32912972	32912973	BRCA2
13	32913024	32913025	BRCA2
13	32913026	32913027	BRCA2
13	32913045	32913046	BRCA2
13	32913047	32913048	BRCA2
13	32913106	32913107	BRCA2
13	32913107	32913108	BRCA2
13	32913395	32913396	BRCA2
13	32913426	32913427	BRCA2
13	32913431	32913432	BRCA2
13	32913432	32913433	BRCA2
13	32913456	32913457	BRCA2
13	32913562	32913563	BRCA2
13	32913564	32913565	BRCA2
13	32913655	32913656	BRCA2
13	32913656	32913657	BRCA2
13	32913671	32913672	BRCA2
13	32913686	32913687	BRCA2
13	32913704	32913705	BRCA2
13	32913705	32913706	BRCA2
13	32913706	32913707	BRCA2
13	32913707	32913708	BRCA2
13	32913730	32913731	BRCA2
13	32913772	32913773	BRCA2
13	32913777	32913778	BRCA2
13	32913794	32913795	BRCA2
13	32913795	32913796	BRCA2
13	32913841	32913842	BRCA2
13	32913842	32913843	BRCA2
13	32913844	32913845	BRCA2
13	32914055	32914056	BRCA2
13	32914086	32914087	BRCA2
13	32914087	32914088	BRCA2
13	32914094	32914095	BRCA2
13	32914095	32914096	BRCA2
13	32914096	32914097	BRCA2
13	32914097	32914098	BRCA2
13	32914136	32914137	BRCA2
13	32914147	32914148	BRCA2
13	32914173	32914174	BRCA2
13	32914213	32914214	BRCA2
13	32914214	32914215	BRCA2
13	32914262	32914263	BRCA2
13	32914263	32914264	BRCA2
13	32914264	32914265	BRCA2
13	32914265	32914266	BRCA2
13	32914287	32914288	BRCA2
13	32914288	32914289	BRCA2
13	32914348	32914349	BRCA2
13	32914355	32914356	BRCA2
13	32914437	32914438	BRCA2
13	32914460	32914461	BRCA2
13	32914484	32914485	BRCA2
13	32914485	32914486	BRCA2
13	32914516	32914517	BRCA2
13	32914583	32914584	BRCA2
13	32914761	32914762	BRCA2
13	32914762	32914763	BRCA2
13	32914766	32914767	BRCA2
13	32914767	32914768	BRCA2
13	32914799	32914800	BRCA2
13	32914843	32914844	BRCA2
13	32914844	32914845	BRCA2
13	32914852	32914853	BRCA2
13	32914853	32914854	BRCA2
13	32914884	32914885	BRCA2
13	32914896	32914897	BRCA2
13	32914897	32914898	BRCA2
13	32914898	32914899	BRCA2
13	32914899	32914900	BRCA2
13	32914900	32914901	BRCA2
13	32914919	32914920	BRCA2
13	32914936	32914937	BRCA2
13	32914937	32914938	BRCA2
13	32914959	32914960	BRCA2
13	32914960	32914961	BRCA2
13	32915038	32915039	BRCA2
13	32915048	32915049	BRCA2
13	32915082	32915083	BRCA2
13	32915083	32915084	BRCA2
13	32915114	32915115	BRCA2
13	32915125	32915126	BRCA2
13	32915126	32915127	BRCA2
13	32915127	32915128	BRCA2
13	32915128	32915129	BRCA2
13	32915135	32915136	BRCA2
13	32915136	32915137	BRCA2
13	32915137	32915138	BRCA2
13	32915138	32915139	BRCA2
13	32915147	32915148	BRCA2
13	32915179	32915180	BRCA2
13	32915183	32915184	BRCA2
13	32915223	32915224	BRCA2
13	32915307	32915308	BRCA2
13	32915308	32915309	BRCA2
13	32920973	32920974	BRCA2
13	32920977	32920978	BRCA2
13	32921032	32921033	BRCA2
13	32929026	32929027	BRCA2
13	32929058	32929059	BRCA2
13	32929059	32929060	BRCA2
13	32929081	32929082	BRCA2
13	32929237	32929238	BRCA2
13	32929250	32929251	BRCA2
13	32929408	32929409	BRCA2
13	32929409	32929410	BRCA2
13	32930562	32930563	BRCA2
13	32930599	32930600	BRCA2
13	32930608	32930609	BRCA2
13	32930613	32930614	BRCA2
13	32930672	32930673	BRCA2
13	32930686	32930687	BRCA2
13	32930695	32930696	BRCA2
13	32930696	32930697	BRCA2
13	32930746	32930747	BRCA2
13	32930747	32930748	BRCA2
13	32931876	32931877	BRCA2
13	32931933	32931934	BRCA2
13	32931934	32931935	BRCA2
13	32931966	32931967	BRCA2
13	32932066	32932067	BRCA2
13	32936658	32936659	BRCA2
13	32936709	32936710	BRCA2
13	32936711	32936712	BRCA2
13	32936739	32936740	BRCA2
13	32936787	32936788	BRCA2
13	32936827	32936828	BRCA2
13	32936829	32936830	BRCA2
13	32937313	32937314	BRCA2
13	32937316	32937317	BRCA2
13	32937325	32937326	BRCA2
13	32937396	32937397	BRCA2
13	32937405	32937406	BRCA2
13	32937505	32937506	BRCA2
13	32937516	32937517	BRCA2
13	32937543	32937544	BRCA2
13	32944536	32944537	BRCA2
13	32944556	32944557	BRCA2
13	32944570	32944571	BRCA2
13	32945139	32945140	BRCA2
13	32945140	32945141	BRCA2
13	32945141	32945142	BRCA2
13	32945142	32945143	BRCA2
13	32945237	32945238	BRCA2
13	32950928	32950929	BRCA2
13	32950930	32950931	BRCA2
13	32950932	32950933	BRCA2
13	32953452	32953453	BRCA2
13	32953471	32953472	BRCA2
13	32953602	32953603	BRCA2
13	32953609	32953610	BRCA2
13	32953957	32953958	BRCA2
13	32953959	32953960	BRCA2
13	32953973	32953974	BRCA2
13	32954008	32954009	BRCA2
13	32954029	32954030	BRCA2
13	32954031	32954032	BRCA2
13	32954032	32954033	BRCA2
13	32954049	32954050	BRCA2
13	32954141	32954142	BRCA2
13	32954152	32954153	BRCA2
13	32954179	32954180	BRCA2
13	32954252	32954253	BRCA2
13	32954277	32954278	BRCA2
13	32954282	32954283	BRCA2
13	32968862	32968863	BRCA2
13	32968950	32968951	BRCA2
13	32968971	32968972	BRCA2
13	32969026	32969027	BRCA2
13	32969038	32969039	BRCA2
13	32972297	32972298	BRCA2
13	32972320	32972321	BRCA2
13	32972321	32972322	BRCA2
13	32972322	32972323	BRCA2
13	32972348	32972349	BRCA2
13	32972349	32972350	BRCA2
13	32972350	32972351	BRCA2
13	32972351	32972352	BRCA2
13	48881451	48881452	RB1
13	48881452	48881453	RB1
13	48947628	48947629	RB1
13	48951168	48951169	RB1
13	49027159	49027160	RB1
13	49037971	49037972	RB1
13	51519580	51519581	RNASEH2B
13	52509154	52509155	ATP7B
13	52518280	52518281	ATP7B
13	52520507	52520508	ATP7B
13	52523796	52523797	ATP7B
13	52532503	52532504	ATP7B
13	52534409	52534410	ATP7B
13	101167679	101167680	PCCA
13	103498665	103498666	ERCC5
13	115091285	115091286	CHAMP1
14	21866015	21866016	CHD8
14	23882984	23882985	MYH7
14	23883003	23883004	MYH7
14	23883017	23883018	MYH7
14	23887452	23887453	MYH7
14	23887457	23887458	MYH7
14	23887463	23887464	MYH7
14	23891520	23891521	MYH7
14	23893174	23893175	MYH7
14	23893327	23893328	MYH7
14	23893338	23893339	MYH7
14	23894012	23894013	MYH7
14	23894047	23894048	MYH7
14	23895178	23895179	MYH7
14	23895254	23895255	MYH7
14	23896042	23896043	MYH7
14	23896865	23896866	MYH7
14	23897048	23897049	MYH7
14	23898213	23898214	MYH7
14	23898486	23898487	MYH7
14	23898487	23898488	MYH7
14	23900792	23900793	MYH7
14	23902350	23902351	MYH7
14	24550504	24550505	NRL
14	36988425	36988426	NKX2-1
14	36988426	36988427	NKX2-1
14	36988427	36988428	NKX2-1
14	36988428	36988429	NKX2-1
14	36988429	36988430	NKX2-1
14	36988430	36988431	NKX2-1
14	36988431	36988432	NKX2-1
14	36988432	36988433	NKX2-1
14	36988433	36988434	NKX2-1
14	36988434	36988435	NKX2-1
14	58915080	58915081	KIAA0586
14	58937423	58937424	KIAA0586
14	68260931	68260932	ZFYVE26
14	73664754	73664755	PSEN1
14	74947403	74947404	NPC2
14	88407872	88407873	GALC
14	89310194	89310195	TTC8
14	94844946	94844947	SERPINA1
14	94847261	94847262	SERPINA1
14	94847385	94847386	SERPINA1
14	95574342	95574343	DICER1
15	28228528	28228529	OCA2
15	28230246	28230247	OCA2
15	28326857	28326858	OCA2
15	29561119	29561120	NDNL2
15	34526134	34526135	SLC12A6
15	34528919	34528920	SLC12A6
15	34532861	34532862	SLC12A6
15	35083493	35083494	ACTC1
15	35085591	35085592	ACTC1
15	40265869	40265870	EIF2AK4
15	43360234	43360235	UBR1
15	43360235	43360236	UBR1
15	43527864	43527865	TGM5
15	43531429	43531430	TGM5
15	43552348	43552349	TGM5
15	44881543	44881544	SPG11
15	45403693	45403694	DUOX2
15	48752493	48752494	FBN1
15	48752494	48752495	FBN1
15	48779598	48779599	FBN1
15	63336294	63336295	TPM1
15	63351861	63351862	TPM1
15	63353097	63353098	TPM1
15	63353949	63353950	TPM1
15	72638574	72638575	HEXA
15	72640387	72640388	HEXA
15	72642857	72642858	HEXA
15	72642858	72642859	HEXA
15	72642914	72642915	HEXA
15	72642918	72642919	HEXA
15	72642924	72642925	HEXA
15	72645445	72645446	HEXA
15	72645470	72645471	HEXA
15	73023709	73023710	BBS4
15	73023710	73023711	BBS4
15	73622062	73622063	HCN4
15	75688623	75688624	SIN3A
15	85405864	85405865	ALPK3
15	85406124	85406125	ALPK3
15	89858548	89858549	FANCI
15	89866656	89866657	POLG
15	89868869	89868870	POLG
15	89870431	89870432	POLG
15	89873414	89873415	POLG
15	91328182	91328183	BLM
15	91347516	91347517	BLM
16	1411760	1411761	GNPTG
16	2126141	2126142	TSC2
16	3293309	3293310	MEFV
16	3293446	3293447	MEFV
16	8898637	8898638	PMM2
16	8904944	8904945	PMM2
16	8904955	8904956	PMM2
16	8904982	8904983	PMM2
16	8905009	8905010	PMM2
16	8906871	8906872	PMM2
16	8906886	8906887	PMM2
16	8941587	8941588	PMM2
16	8941631	8941632	PMM2
16	9943818	9943819	GRIN2A
16	23614791	23614792	PALB2
16	23647357	23647358	PALB2
16	23647358	23647359	PALB2
16	23649419	23649420	PALB2
16	23649420	23649421	PALB2
16	29825002	29825003	PRRT2
16	29825004	29825005	PRRT2
16	29825014	29825015	PRRT2
16	29825015	29825016	PRRT2
16	29825024	29825025	PRRT2
16	30748663	30748664	SRCAP
16	30997023	30997024	HSD3B7
16	30997024	30997025	HSD3B7
16	53691390	53691391	RPGRIP1L
16	68853256	68853257	CDH1
16	88891260	88891261	GALNS
16	88898506	88898507	GALNS
16	88907484	88907485	GALNS
16	89346102	89346103	ANKRD11
16	89347177	89347178	ANKRD11
16	89351042	89351043	ANKRD11
16	89351043	89351044	ANKRD11
16	89351044	89351045	ANKRD11
16	89351045	89351046	ANKRD11
16	89351046	89351047	ANKRD11
16	89598368	89598369	SPG7
16	89620902	89620903	SPG7
16	89620903	89620904	SPG7
16	89620904	89620905	SPG7
16	89620905	89620906	SPG7
16	89620906	89620907	SPG7
16	89620907	89620908	SPG7
16	89620908	89620909	SPG7
16	89620909	89620910	SPG7
16	89620910	89620911	SPG7
16	89620911	89620912	SPG7
16	89620912	89620913	SPG7
16	89620913	89620914	SPG7
16	89620914	89620915	SPG7
16	89620915	89620916	SPG7
16	89620916	89620917	SPG7
16	89620917	89620918	SPG7
16	89620918	89620919	SPG7
17	3386790	3386791	ASPA
17	3397701	3397702	ASPA
17	3402293	3402294	ASPA
17	3402353	3402354	ASPA
17	7577021	7577022	TP53
17	7578405	7578406	TP53
17	17697212	17697213	RAI1
17	17699357	17699358	RAI1
17	19566647	19566648	ALDH3A2
17	29496972	29496973	NF1
17	29496973	29496974	NF1
17	29496974	29496975	NF1
17	29496975	29496976	NF1
17	29496976	29496977	NF1
17	29496977	29496978	NF1
17	29496978	29496979	NF1
17	29556078	29556079	NF1
17	29585517	29585518	NF1
17	33433403	33433404	RAD51D
17	39739630	39739631	KRT14
17	39742644	39742645	KRT14
17	39742712	39742713	KRT14
17	39742713	39742714	KRT14
17	40688534	40688535	NAGLU
17	40689534	40689535	NAGLU
17	40693091	40693092	NAGLU
17	40695581	40695582	NAGLU
17	40696044	40696045	NAGLU
17	41061380	41061381	G6PC
17	41197783	41197784	BRCA1
17	41199659	41199660	BRCA1
17	41199677	41199678	BRCA1
17	41199682	41199683	BRCA1
17	41201132	41201133	BRCA1
17	41201190	41201191	BRCA1
17	41201197	41201198	BRCA1
17	41201198	41201199	BRCA1
17	41203078	41203079	BRCA1
17	41203134	41203135	BRCA1
17	41209067	41209068	BRCA1
17	41209078	41209079	BRCA1
17	41209082	41209083	BRCA1
17	41209094	41209095	BRCA1
17	41209106	41209107	BRCA1
17	41209129	41209130	BRCA1
17	41215364	41215365	BRCA1
17	41215365	41215366	BRCA1
17	41215390	41215391	BRCA1
17	41215905	41215906	BRCA1
17	41215906	41215907	BRCA1
17	41215919	41215920	BRCA1
17	41215947	41215948	BRCA1
17	41215962	41215963	BRCA1
17	41219621	41219622	BRCA1
17	41219630	41219631	BRCA1
17	41219658	41219659	BRCA1
17	41219668	41219669	BRCA1
17	41219669	41219670	BRCA1
17	41219670	41219671	BRCA1
17	41219671	41219672	BRCA1
17	41222938	41222939	BRCA1
17	41222994	41222995	BRCA1
17	41223000	41223001	BRCA1
17	41223034	41223035	BRCA1
17	41223035	41223036	BRCA1
17	41223241	41223242	BRCA1
17	41226347	41226348	BRCA1
17	41226514	41226515	BRCA1
17	41228505	41228506	BRCA1
17	41228508	41228509	BRCA1
17	41228553	41228554	BRCA1
17	41234450	41234451	BRCA1
17	41234591	41234592	BRCA1
17	41242959	41242960	BRCA1
17	41242962	41242963	BRCA1
17	41242979	41242980	BRCA1
17	41242980	41242981	BRCA1
17	41243005	41243006	BRCA1
17	41243006	41243007	BRCA1
17	41243459	41243460	BRCA1
17	41243479	41243480	BRCA1
17	41243480	41243481	BRCA1
17	41243481	41243482	BRCA1
17	41243482	41243483	BRCA1
17	41243553	41243554	BRCA1
17	41243658	41243659	BRCA1
17	41243706	41243707	BRCA1
17	41243726	41243727	BRCA1
17	41243768	41243769	BRCA1
17	41243776	41243777	BRCA1
17	41243777	41243778	BRCA1
17	41243788	41243789	BRCA1
17	41243789	41243790	BRCA1
17	41243790	41243791	BRCA1
17	41243791	41243792	BRCA1
17	41243799	41243800	BRCA1
17	41243829	41243830	BRCA1
17	41243837	41243838	BRCA1
17	41243850	41243851	BRCA1
17	41243852	41243853	BRCA1
17	41243868	41243869	BRCA1
17	41243869	41243870	BRCA1
17	41243870	41243871	BRCA1
17	41243871	41243872	BRCA1
17	41243886	41243887	BRCA1
17	41243895	41243896	BRCA1
17	41243896	41243897	BRCA1
17	41243897	41243898	BRCA1
17	41243898	41243899	BRCA1
17	41243899	41243900	BRCA1
17	41243907	41243908	BRCA1
17	41243912	41243913	BRCA1
17	41243921	41243922	BRCA1
17	41243940	41243941	BRCA1
17	41244006	41244007	BRCA1
17	41244052	41244053	BRCA1
17	41244053	41244054	BRCA1
17	41244056	41244057	BRCA1
17	41244057	41244058	BRCA1
17	41244058	41244059	BRCA1
17	41244059	41244060	BRCA1
17	41244060	41244061	BRCA1
17	41244061	41244062	BRCA1
17	41244062	41244063	BRCA1
17	41244063	41244064	BRCA1
17	41244064	41244065	BRCA1
17	41244065	41244066	BRCA1
17	41244066	41244067	BRCA1
17	41244213	41244214	BRCA1
17	41244214	41244215	BRCA1
17	41244215	41244216	BRCA1
17	41244216	41244217	BRCA1
17	41244217	41244218	BRCA1
17	41244251	41244252	BRCA1
17	41244268	41244269	BRCA1
17	41244290	41244291	BRCA1
17	41244509	41244510	BRCA1
17	41244510	41244511	BRCA1
17	41244532	41244533	BRCA1
17	41244535	41244536	BRCA1
17	41244556	41244557	BRCA1
17	41244561	41244562	BRCA1
17	41244613	41244614	BRCA1
17	41244620	41244621	BRCA1
17	41244649	41244650	BRCA1
17	41244747	41244748	BRCA1
17	41244781	41244782	BRCA1
17	41244819	41244820	BRCA1
17	41244821	41244822	BRCA1
17	41244825	41244826	BRCA1
17	41244839	41244840	BRCA1
17	41244861	41244862	BRCA1
17	41244862	41244863	BRCA1
17	41244863	41244864	BRCA1
17	41244865	41244866	BRCA1
17	41244866	41244867	BRCA1
17	41244867	41244868	BRCA1
17	41244868	41244869	BRCA1
17	41244899	41244900	BRCA1
17	41244900	41244901	BRCA1
17	41244901	41244902	BRCA1
17	41244944	41244945	BRCA1
17	41244948	41244949	BRCA1
17	41245039	41245040	BRCA1
17	41245040	41245041	BRCA1
17	41245072	41245073	BRCA1
17	41245141	41245142	BRCA1
17	41245142	41245143	BRCA1
17	41245157	41245158	BRCA1
17	41245158	41245159	BRCA1
17	41245209	41245210	BRCA1
17	41245248	41245249	BRCA1
17	41245278	41245279	BRCA1
17	41245337	41245338	BRCA1
17	41245346	41245347	BRCA1
17	41245347	41245348	BRCA1
17	41245348	41245349	BRCA1
17	41245349	41245350	BRCA1
17	41245350	41245351	BRCA1
17	41245409	41245410	BRCA1
17	41245419	41245420	BRCA1
17	41245528	41245529	BRCA1
17	41245533	41245534	BRCA1
17	41245586	41245587	BRCA1
17	41245833	41245834	BRCA1
17	41245860	41245861	BRCA1
17	41245926	41245927	BRCA1
17	41245991	41245992	BRCA1
17	41246018	41246019	BRCA1
17	41246039	41246040	BRCA1
17	41246040	41246041	BRCA1
17	41246041	41246042	BRCA1
17	41246042	41246043	BRCA1
17	41246043	41246044	BRCA1
17	41246228	41246229	BRCA1
17	41246254	41246255	BRCA1
17	41246259	41246260	BRCA1
17	41246260	41246261	BRCA1
17	41246290	41246291	BRCA1
17	41246336	41246337	BRCA1
17	41246343	41246344	BRCA1
17	41246392	41246393	BRCA1
17	41246409	41246410	BRCA1
17	41246426	41246427	BRCA1
17	41246432	41246433	BRCA1
17	41246475	41246476	BRCA1
17	41246481	41246482	BRCA1
17	41246489	41246490	BRCA1
17	41246531	41246532	BRCA1
17	41246672	41246673	BRCA1
17	41246691	41246692	BRCA1
17	41246701	41246702	BRCA1
17	41246702	41246703	BRCA1
17	41246703	41246704	BRCA1
17	41246704	41246705	BRCA1
17	41246748	41246749	BRCA1
17	41246749	41246750	BRCA1
17	41246763	41246764	BRCA1
17	41246764	41246765	BRCA1
17	41251790	41251791	BRCA1
17	41251824	41251825	BRCA1
17	41251844	41251845	BRCA1
17	41251845	41251846	BRCA1
17	41256152	41256153	BRCA1
17	41256164	41256165	BRCA1
17	41256278	41256279	BRCA1
17	41256280	41256281	BRCA1
17	41256905	41256906	BRCA1
17	41256953	41256954	BRCA1
17	41256973	41256974	BRCA1
17	41256974	41256975	BRCA1
17	41256984	41256985	BRCA1
17	41258469	41258470	BRCA1
17	41258471	41258472	BRCA1
17	41258473	41258474	BRCA1
17	41258493	41258494	BRCA1
17	41258503	41258504	BRCA1
17	41258513	41258514	BRCA1
17	41258550	41258551	BRCA1
17	41267739	41267740	BRCA1
17	41267745	41267746	BRCA1
17	41267804	41267805	BRCA1
17	41276044	41276045	BRCA1
17	41276045	41276046	BRCA1
17	41276046	41276047	BRCA1
17	41276047	41276048	BRCA1
17	41276079	41276080	BRCA1
17	44091636	44091637	MAPT
17	45012487	45012488	GOSR2
17	46805704	46805705	HOXB13
17	59857685	59857686	BRIP1
17	73518080	73518081	TSEN54
17	73751796	73751797	ITGB4
17	73751797	73751798	ITGB4
17	73753189	73753190	ITGB4
17	73826672	73826673	UNC13D
17	75398379	75398380	SEPT9
17	78078340	78078341	GAA
17	78081614	78081615	GAA
17	78081664	78081665	GAA
17	78082326	78082327	GAA
17	78084635	78084636	GAA
17	78085799	78085800	GAA
17	78085801	78085802	GAA
17	78086420	78086421	GAA
17	78090909	78090910	GAA
17	78092069	78092070	GAA
17	78092117	78092118	GAA
17	78184679	78184680	SGSH
17	78185926	78185927	SGSH
17	78185941	78185942	SGSH
17	78187613	78187614	SGSH
17	78188555	78188556	SGSH
17	78190859	78190860	SGSH
17	78190882	78190883	SGSH
18	7046292	7046293	LAMA1
18	19378062	19378063	MIB1
18	19383912	19383913	MIB1
18	21116699	21116700	NPC1
18	21118527	21118528	NPC1
18	21118535	21118536	NPC1
18	21118573	21118574	NPC1
18	21118574	21118575	NPC1
18	21121071	21121072	NPC1
18	21124365	21124366	NPC1
18	21131616	21131617	NPC1
18	21479319	21479320	LAMA3
18	21487539	21487540	LAMA3
18	29172936	29172937	TTR
18	29175204	29175205	TTR
18	29175206	29175207	TTR
18	29178617	29178618	TTR
18	42531069	42531070	SETBP1
18	53018188	53018189	TCF4
18	55336664	55336665	ATP8B1
18	58039116	58039117	MC4R
18	58039202	58039203	MC4R
18	58039477	58039478	MC4R
19	1220504	1220505	STK11
19	7591644	7591645	MCOLN1
19	11200251	11200252	LDLR
19	11210961	11210962	LDLR
19	11213337	11213338	LDLR
19	11213462	11213463	LDLR
19	11216263	11216264	LDLR
19	11217247	11217248	LDLR
19	11218166	11218167	LDLR
19	11221434	11221435	LDLR
19	11223951	11223952	LDLR
19	11224057	11224058	LDLR
19	11224095	11224096	LDLR
19	11224209	11224210	LDLR
19	11224326	11224327	LDLR
19	11226828	11226829	LDLR
19	11226872	11226873	LDLR
19	11226888	11226889	LDLR
19	11227557	11227558	LDLR
19	11227661	11227662	LDLR
19	11230786	11230787	LDLR
19	11230787	11230788	LDLR
19	11231111	11231112	LDLR
19	11231170	11231171	LDLR
19	11240195	11240196	LDLR
19	11240196	11240197	LDLR
19	11240197	11240198	LDLR
19	11240198	11240199	LDLR
19	11240199	11240200	LDLR
19	11240200	11240201	LDLR
19	11240201	11240202	LDLR
19	11240202	11240203	LDLR
19	11240203	11240204	LDLR
19	13004443	13004444	GCDH
19	13008646	13008647	GCDH
19	13010299	13010300	GCDH
19	13419265	13419266	CACNA1A
19	13446651	13446652	CACNA1A
19	18273783	18273784	PIK3R2
19	30193867	30193868	C19orf12
19	36321957	36321958	NPHS1
19	36322259	36322260	NPHS1
19	36339570	36339571	NPHS1
19	36342510	36342511	NPHS1
19	36342511	36342512	NPHS1
19	42474691	42474692	ATP1A3
19	47259532	47259533	FKRP
19	49473113	49473114	GYS1
19	49481379	49481380	GYS1
19	50365625	50365626	PNKP
19	50826941	50826942	KCNC3
19	50826950	50826951	KCNC3
19	55663208	55663209	TNNI3
19	55663262	55663263	TNNI3
19	55665449	55665450	TNNI3
19	55665512	55665513	TNNI3
19	55665513	55665514	TNNI3
19	55666188	55666189	TNNI3
20	3870101	3870102	PANK2
20	3893185	3893186	PANK2
20	3897602	3897603	PANK2
20	3897603	3897604	PANK2
20	3897604	3897605	PANK2
20	6075584	6075585	FERMT1
20	6078217	6078218	FERMT1
20	10394052	10394053	MKKS
20	13789544	13789545	NDUFAF5
20	62070960	62070961	KCNQ2
20	62076114	62076115	KCNQ2
21	34927287	34927288	SON
21	34927288	34927289	SON
21	34927289	34927290	SON
21	34927290	34927291	SON
21	38858885	38858886	DYRK1A
22	17687996	17687997	CECR1
22	18905898	18905899	PRODH
22	29091120	29091121	CHEK2
22	29091856	29091857	CHEK2
22	29115468	29115469	CHEK2
22	29120965	29120966	CHEK2
22	29121229	29121230	CHEK2
22	30032864	30032865	NF2
22	38379387	38379388	SOX10
22	50962422	50962423	SCO2
22	51063476	51063477	ARSA
22	51063819	51063820	ARSA
22	51063870	51063871	ARSA
22	51064005	51064006	ARSA
22	51065103	51065104	ARSA
22	51065304	51065305	ARSA
22	51065403	51065404	ARSA
22	51065592	51065593	ARSA
22	51065765	51065766	ARSA
22	51065801	51065802	ARSA
X	18598088	18598089	CDKL5
X	18622718	18622719	CDKL5
X	20173553	20173554	RPS6KA3
X	22151649	22151650	PHEX
X	31198543	31198544	DMD
X	32360386	32360387	DMD
X	41012274	41012275	USP9X
X	41012275	41012276	USP9X
X	41012276	41012277	USP9X
X	41012277	41012278	USP9X
X	41203040	41203041	DDX3X
X	41204443	41204444	DDX3X
X	41204560	41204561	DDX3X
X	41204561	41204562	DDX3X
X	41204562	41204563	DDX3X
X	41204563	41204564	DDX3X
X	41204564	41204565	DDX3X
X	41204565	41204566	DDX3X
X	53279898	53279899	IQSEC2
X	54040955	54040956	PHF8
X	68836393	68836394	EDA
X	69176942	69176943	EDA
X	69247773	69247774	EDA
X	69247823	69247824	EDA
X	99657670	99657671	PCDH19
X	99662755	99662756	PCDH19
X	100658815	100658816	GLA
X	119575712	119575713	LAMP2
X	119580216	119580217	LAMP2
X	119581880	119581881	LAMP2
X	153197563	153197564	NAA10
X	153296470	153296471	MECP2
X	153296776	153296777	MECP2
X	153296805	153296806	MECP2
X	153296859	153296860	MECP2
X	153296881	153296882	MECP2
X	153764216	153764217	G6PD
Y	545474	545475	SHOX
